-0.5465 -173.63
-0.5465 -173.65
-0.5451286842682659 -173.65
-0.5451286842682659 -173.63
-0.5437573685365318 -173.63
-0.5437573685365318 -173.65
-0.5423860528047977 -173.65
-0.5423860528047977 -173.63
-0.5410147370730636 -173.63
-0.5410147370730636 -173.65
-0.5396434213413295 -173.65
-0.5396434213413295 -173.63
-0.5382721056095954 -173.63
-0.5382721056095954 -173.65
-0.5369007898778613 -173.65
-0.5369007898778613 -173.63
-0.5355294741461272 -173.63
-0.5355294741461272 -173.65
-0.5341581584143931 -173.65
-0.5341581584143931 -173.63
-0.532786842682659 -173.63
-0.532786842682659 -173.65
-0.5314155269509249 -173.65
-0.5314155269509249 -173.63
-0.5300442112191908 -173.63
-0.5300442112191908 -173.65
-0.5286728954874567 -173.65
-0.5286728954874567 -173.63
-0.5273015797557226 -173.63
-0.5273015797557226 -173.65
-0.5259302640239885 -173.65
-0.5259302640239885 -173.63
-0.5245589482922544 -173.63
-0.5245589482922544 -173.65
-0.5231876325605203 -173.65
-0.5231876325605203 -173.63
-0.5218163168287862 -173.63
-0.5218163168287862 -173.65
-0.520445001097052 -173.65
-0.520445001097052 -173.63
-0.519073685365318 -173.63
-0.519073685365318 -173.65
-0.5177023696335838 -173.65
-0.5177023696335838 -173.63
-0.5163310539018497 -173.63
-0.5163310539018497 -173.65
-0.5149597381701156 -173.65
-0.5149597381701156 -173.63
-0.5135884224383815 -173.63
-0.5135884224383815 -173.65
-0.5122171067066474 -173.65
-0.5122171067066474 -173.63
-0.5108457909749133 -173.63
-0.5108457909749133 -173.65
-0.5094744752431792 -173.65
-0.5094744752431792 -173.63
-0.5081031595114451 -173.63
-0.5081031595114451 -173.65
-0.506731843779711 -173.65
-0.506731843779711 -173.63
-0.5053605280479769 -173.63
-0.5053605280479769 -173.65
-0.5039892123162428 -173.65
-0.5039892123162428 -173.63
-0.5026178965845087 -173.63
-0.5026178965845087 -173.65
-0.5012465808527746 -173.65
-0.5012465808527746 -173.63
-0.4998752651210405 -173.63
-0.4998752651210405 -173.65
-0.4985039493893064 -173.65
-0.4985039493893064 -173.63
-0.4971326336575723 -173.63
-0.4971326336575723 -173.65
-0.4957613179258382 -173.65
-0.4957613179258382 -173.63
-0.4943900021941041 -173.63
-0.4943900021941041 -173.65
-0.49301868646237 -173.65
-0.49301868646237 -173.63
-0.4916473707306359 -173.63
-0.4916473707306359 -173.65
-0.4902760549989018 -173.65
-0.4902760549989018 -173.63
-0.4889047392671677 -173.63
-0.4889047392671677 -173.65
-0.4875334235354336 -173.65
-0.4875334235354336 -173.63
-0.4861621078036995 -173.63
-0.4861621078036995 -173.65
-0.4847907920719654 -173.65
-0.4847907920719654 -173.63
-0.4834194763402313 -173.63
-0.4834194763402313 -173.65
-0.4820481606084972 -173.65
-0.4820481606084972 -173.63
-0.4806768448767631 -173.63
-0.4806768448767631 -173.65
-0.479305529145029 -173.65
-0.479305529145029 -173.63
-0.4779342134132949 -173.63
-0.4779342134132949 -173.65
-0.4765628976815608 -173.65
-0.4765628976815608 -173.63
-0.4751915819498267 -173.63
-0.4751915819498267 -173.65
-0.4738202662180926 -173.65
-0.4738202662180926 -173.63
-0.4724489504863585 -173.63
-0.4724489504863585 -173.65
-0.4710776347546244 -173.65
-0.4710776347546244 -173.63
-0.4697063190228903 -173.63
-0.4697063190228903 -173.65
-0.4683350032911562 -173.65
-0.4683350032911562 -173.63
-0.4669636875594221 -173.63
-0.4669636875594221 -173.65
-0.465592371827688 -173.65
-0.465592371827688 -173.63
-0.4642210560959539 -173.63
-0.4642210560959539 -173.65
-0.4628497403642198 -173.65
-0.4628497403642198 -173.63
-0.4614784246324857 -173.63
-0.4614784246324857 -173.65
-0.46010710890075157 -173.65
-0.46010710890075157 -173.63
-0.45873579316901747 -173.63
-0.45873579316901747 -173.65
-0.45736447743728337 -173.65
-0.45736447743728337 -173.63
-0.45599316170554927 -173.63
-0.45599316170554927 -173.65
-0.45462184597381516 -173.65
-0.45462184597381516 -173.63
-0.45325053024208106 -173.63
-0.45325053024208106 -173.65
-0.45187921451034696 -173.65
-0.45187921451034696 -173.63
-0.45050789877861286 -173.63
-0.45050789877861286 -173.65
-0.44913658304687876 -173.65
-0.44913658304687876 -173.63
-0.44776526731514465 -173.63
-0.44776526731514465 -173.65
-0.44639395158341055 -173.65
-0.44639395158341055 -173.63
-0.44502263585167645 -173.63
-0.44502263585167645 -173.65
-0.44365132011994235 -173.65
-0.44365132011994235 -173.63
-0.44228000438820825 -173.63
-0.44228000438820825 -173.65
-0.44090868865647415 -173.65
-0.44090868865647415 -173.63
-0.43953737292474004 -173.63
-0.43953737292474004 -173.65
-0.43816605719300594 -173.65
-0.43816605719300594 -173.63
-0.43679474146127184 -173.63
-0.43679474146127184 -173.65
-0.43542342572953774 -173.65
-0.43542342572953774 -173.63
-0.43405210999780364 -173.63
-0.43405210999780364 -173.65
-0.43268079426606953 -173.65
-0.43268079426606953 -173.63
-0.43130947853433543 -173.63
-0.43130947853433543 -173.65
-0.42993816280260133 -173.65
-0.42993816280260133 -173.63
-0.42856684707086723 -173.63
-0.42856684707086723 -173.65
-0.4271955313391331 -173.65
-0.4271955313391331 -173.63
-0.425824215607399 -173.63
-0.425824215607399 -173.65
-0.4244528998756649 -173.65
-0.4244528998756649 -173.63
-0.4230815841439308 -173.63
-0.4230815841439308 -173.65
-0.4217102684121967 -173.65
-0.4217102684121967 -173.63
-0.4203389526804626 -173.63
-0.4203389526804626 -173.65
-0.4189676369487285 -173.65
-0.4189676369487285 -173.63
-0.4175963212169944 -173.63
-0.4175963212169944 -173.65
-0.4162250054852603 -173.65
-0.4162250054852603 -173.63
-0.4148536897535262 -173.63
-0.4148536897535262 -173.65
-0.4134823740217921 -173.65
-0.4134823740217921 -173.63
-0.412111058290058 -173.63
-0.412111058290058 -173.65
-0.4107397425583239 -173.65
-0.4107397425583239 -173.63
-0.4093684268265898 -173.63
-0.4093684268265898 -173.65
-0.4079971110948557 -173.65
-0.4079971110948557 -173.63
-0.4066257953631216 -173.63
-0.4066257953631216 -173.65
-0.4052544796313875 -173.65
-0.4052544796313875 -173.63
-0.4038831638996534 -173.63
-0.4038831638996534 -173.65
-0.4025118481679193 -173.65
-0.4025118481679193 -173.63
-0.4011405324361852 -173.63
-0.4011405324361852 -173.65
-0.3997692167044511 -173.65
-0.3997692167044511 -173.63
-0.398397900972717 -173.63
-0.398397900972717 -173.65
-0.3970265852409829 -173.65
-0.3970265852409829 -173.63
-0.3956552695092488 -173.63
-0.3956552695092488 -173.65
-0.3942839537775147 -173.65
-0.3942839537775147 -173.63
-0.3929126380457806 -173.63
-0.3929126380457806 -173.65
-0.3915413223140465 -173.65
-0.3915413223140465 -173.63
-0.3901700065823124 -173.63
-0.3901700065823124 -173.65
-0.3887986908505783 -173.65
-0.3887986908505783 -173.63
-0.3874273751188442 -173.63
-0.3874273751188442 -173.65
-0.3860560593871101 -173.65
-0.3860560593871101 -173.63
-0.38468474365537597 -173.63
-0.38468474365537597 -173.65
-0.38331342792364187 -173.65
-0.38331342792364187 -173.63
-0.38194211219190777 -173.63
-0.38194211219190777 -173.65
-0.38057079646017367 -173.65
-0.38057079646017367 -173.63
-0.37919948072843956 -173.63
-0.37919948072843956 -173.65
-0.37782816499670546 -173.65
-0.37782816499670546 -173.63
-0.37645684926497136 -173.63
-0.37645684926497136 -173.65
-0.37508553353323726 -173.65
-0.37508553353323726 -173.63
-0.37371421780150316 -173.63
-0.37371421780150316 -173.65
-0.37234290206976906 -173.65
-0.37234290206976906 -173.63
-0.37097158633803495 -173.63
-0.37097158633803495 -173.65
-0.36960027060630085 -173.65
-0.36960027060630085 -173.63
-0.36822895487456675 -173.63
-0.36822895487456675 -173.65
-0.36685763914283265 -173.65
-0.36685763914283265 -173.63
-0.36548632341109855 -173.63
-0.36548632341109855 -173.65
-0.36411500767936444 -173.65
-0.36411500767936444 -173.63
-0.36274369194763034 -173.63
-0.36274369194763034 -173.65
-0.36137237621589624 -173.65
-0.36137237621589624 -173.63
-0.36000106048416214 -173.63
-0.36000106048416214 -173.65
-0.35862974475242804 -173.65
-0.35862974475242804 -173.63
-0.35725842902069394 -173.63
-0.35725842902069394 -173.65
-0.35588711328895983 -173.65
-0.35588711328895983 -173.63
-0.35451579755722573 -173.63
-0.35451579755722573 -173.65
-0.35314448182549163 -173.65
-0.35314448182549163 -173.63
-0.35177316609375753 -173.63
-0.35177316609375753 -173.65
-0.3504018503620234 -173.65
-0.3504018503620234 -173.63
-0.3490305346302893 -173.63
-0.3490305346302893 -173.65
-0.3476592188985552 -173.65
-0.3476592188985552 -173.63
-0.3462879031668211 -173.63
-0.3462879031668211 -173.65
-0.344916587435087 -173.65
-0.344916587435087 -173.63
-0.3435452717033529 -173.63
-0.3435452717033529 -173.65
-0.3421739559716188 -173.65
-0.3421739559716188 -173.63
-0.3408026402398847 -173.63
-0.3408026402398847 -173.65
-0.3394313245081506 -173.65
-0.3394313245081506 -173.63
-0.3380600087764165 -173.63
-0.3380600087764165 -173.65
-0.3366886930446824 -173.65
-0.3366886930446824 -173.63
-0.3353173773129483 -173.63
-0.3353173773129483 -173.65
-0.3339460615812142 -173.65
-0.3339460615812142 -173.63
-0.3325747458494801 -173.63
-0.3325747458494801 -173.65
-0.331203430117746 -173.65
-0.331203430117746 -173.63
-0.3298321143860119 -173.63
-0.3298321143860119 -173.65
-0.3284607986542778 -173.65
-0.3284607986542778 -173.63
-0.3270894829225437 -173.63
-0.3270894829225437 -173.65
-0.3257181671908096 -173.65
-0.3257181671908096 -173.63
-0.3243468514590755 -173.63
-0.3243468514590755 -173.65
-0.3229755357273414 -173.65
-0.3229755357273414 -173.63
-0.3216042199956073 -173.63
-0.3216042199956073 -173.65
-0.3202329042638732 -173.65
-0.3202329042638732 -173.63
-0.3188615885321391 -173.63
-0.3188615885321391 -173.65
-0.317490272800405 -173.65
-0.317490272800405 -173.63
-0.3161189570686709 -173.63
-0.3161189570686709 -173.65
-0.3147476413369368 -173.65
-0.3147476413369368 -173.63
-0.3133763256052027 -173.63
-0.3133763256052027 -173.65
-0.3120050098734686 -173.65
-0.3120050098734686 -173.63
-0.3106336941417345 -173.63
-0.3106336941417345 -173.65
-0.30926237841000037 -173.65
-0.30926237841000037 -173.63
-0.30789106267826627 -173.63
-0.30789106267826627 -173.65
-0.30651974694653217 -173.65
-0.30651974694653217 -173.63
-0.30514843121479807 -173.63
-0.30514843121479807 -173.65
-0.30377711548306396 -173.65
-0.30377711548306396 -173.63
-0.30240579975132986 -173.63
-0.30240579975132986 -173.65
-0.30103448401959576 -173.65
-0.30103448401959576 -173.63
-0.29966316828786166 -173.63
-0.29966316828786166 -173.65
-0.29829185255612756 -173.65
-0.29829185255612756 -173.63
-0.29692053682439346 -173.63
-0.29692053682439346 -173.65
-0.29554922109265935 -173.65
-0.29554922109265935 -173.63
-0.29417790536092525 -173.63
-0.29417790536092525 -173.65
-0.29280658962919115 -173.65
-0.29280658962919115 -173.63
-0.29143527389745705 -173.63
-0.29143527389745705 -173.65
-0.29006395816572295 -173.65
-0.29006395816572295 -173.63
-0.28869264243398884 -173.63
-0.28869264243398884 -173.65
-0.28732132670225474 -173.65
-0.28732132670225474 -173.63
-0.28595001097052064 -173.63
-0.28595001097052064 -173.65
-0.28457869523878654 -173.65
-0.28457869523878654 -173.63
-0.28320737950705244 -173.63
-0.28320737950705244 -173.65
-0.28183606377531834 -173.65
-0.28183606377531834 -173.63
-0.28046474804358423 -173.63
-0.28046474804358423 -173.65
-0.27909343231185013 -173.65
-0.27909343231185013 -173.63
-0.27772211658011603 -173.63
-0.27772211658011603 -173.65
-0.27635080084838193 -173.65
-0.27635080084838193 -173.63
-0.2749794851166478 -173.63
-0.2749794851166478 -173.65
-0.2736081693849137 -173.65
-0.2736081693849137 -173.63
-0.2722368536531796 -173.63
-0.2722368536531796 -173.65
-0.2708655379214455 -173.65
-0.2708655379214455 -173.63
-0.2694942221897114 -173.63
-0.2694942221897114 -173.65
-0.2681229064579773 -173.65
-0.2681229064579773 -173.63
-0.2667515907262432 -173.63
-0.2667515907262432 -173.65
-0.2653802749945091 -173.65
-0.2653802749945091 -173.63
-0.264008959262775 -173.63
-0.264008959262775 -173.65
-0.2626376435310409 -173.65
-0.2626376435310409 -173.63
-0.2612663277993068 -173.63
-0.2612663277993068 -173.65
-0.2598950120675727 -173.65
-0.2598950120675727 -173.63
-0.2585236963358386 -173.63
-0.2585236963358386 -173.65
-0.2571523806041045 -173.65
-0.2571523806041045 -173.63
-0.2557810648723704 -173.63
-0.2557810648723704 -173.65
-0.2544097491406363 -173.65
-0.2544097491406363 -173.63
-0.2530384334089022 -173.63
-0.2530384334089022 -173.65
-0.2516671176771681 -173.65
-0.2516671176771681 -173.63
-0.250295801945434 -173.63
-0.250295801945434 -173.65
-0.24892448621369992 -173.65
-0.24892448621369992 -173.63
-0.24755317048196585 -173.63
-0.24755317048196585 -173.65
-0.24618185475023177 -173.65
-0.24618185475023177 -173.63
-0.2448105390184977 -173.63
-0.2448105390184977 -173.65
-0.24343922328676362 -173.65
-0.24343922328676362 -173.63
-0.24206790755502955 -173.63
-0.24206790755502955 -173.65
-0.24069659182329547 -173.65
-0.24069659182329547 -173.63
-0.2393252760915614 -173.63
-0.2393252760915614 -173.65
-0.23795396035982733 -173.65
-0.23795396035982733 -173.63
-0.23658264462809325 -173.63
-0.23658264462809325 -173.65
-0.23521132889635918 -173.65
-0.23521132889635918 -173.63
-0.2338400131646251 -173.63
-0.2338400131646251 -173.65
-0.23246869743289103 -173.65
-0.23246869743289103 -173.63
-0.23109738170115696 -173.63
-0.23109738170115696 -173.65
-0.22972606596942288 -173.65
-0.22972606596942288 -173.63
-0.2283547502376888 -173.63
-0.2283547502376888 -173.65
-0.22698343450595473 -173.65
-0.22698343450595473 -173.63
-0.22561211877422066 -173.63
-0.22561211877422066 -173.65
-0.2242408030424866 -173.65
-0.2242408030424866 -173.63
-0.2228694873107525 -173.63
-0.2228694873107525 -173.65
-0.22149817157901844 -173.65
-0.22149817157901844 -173.63
-0.22012685584728436 -173.63
-0.22012685584728436 -173.65
-0.2187555401155503 -173.65
-0.2187555401155503 -173.63
-0.21738422438381622 -173.63
-0.21738422438381622 -173.65
-0.21601290865208214 -173.65
-0.21601290865208214 -173.63
-0.21464159292034807 -173.63
-0.21464159292034807 -173.65
-0.213270277188614 -173.65
-0.213270277188614 -173.63
-0.21189896145687992 -173.63
-0.21189896145687992 -173.65
-0.21052764572514585 -173.65
-0.21052764572514585 -173.63
-0.20915632999341177 -173.63
-0.20915632999341177 -173.65
-0.2077850142616777 -173.65
-0.2077850142616777 -173.63
-0.20641369852994362 -173.63
-0.20641369852994362 -173.65
-0.20504238279820955 -173.65
-0.20504238279820955 -173.63
-0.20367106706647548 -173.63
-0.20367106706647548 -173.65
-0.2022997513347414 -173.65
-0.2022997513347414 -173.63
-0.20092843560300733 -173.63
-0.20092843560300733 -173.65
-0.19955711987127325 -173.65
-0.19955711987127325 -173.63
-0.19818580413953918 -173.63
-0.19818580413953918 -173.65
-0.1968144884078051 -173.65
-0.1968144884078051 -173.63
-0.19544317267607103 -173.63
-0.19544317267607103 -173.65
-0.19407185694433696 -173.65
-0.19407185694433696 -173.63
-0.19270054121260288 -173.63
-0.19270054121260288 -173.65
-0.1913292254808688 -173.65
-0.1913292254808688 -173.63
-0.18995790974913473 -173.63
-0.18995790974913473 -173.65
-0.18858659401740066 -173.65
-0.18858659401740066 -173.63
-0.1872152782856666 -173.63
-0.1872152782856666 -173.65
-0.1858439625539325 -173.65
-0.1858439625539325 -173.63
-0.18447264682219844 -173.63
-0.18447264682219844 -173.65
-0.18310133109046436 -173.65
-0.18310133109046436 -173.63
-0.1817300153587303 -173.63
-0.1817300153587303 -173.65
-0.18035869962699622 -173.65
-0.18035869962699622 -173.63
-0.17898738389526214 -173.63
-0.17898738389526214 -173.65
-0.17761606816352807 -173.65
-0.17761606816352807 -173.63
-0.176244752431794 -173.63
-0.176244752431794 -173.65
-0.17487343670005992 -173.65
-0.17487343670005992 -173.63
-0.17350212096832585 -173.63
-0.17350212096832585 -173.65
-0.17213080523659177 -173.65
-0.17213080523659177 -173.63
-0.1707594895048577 -173.63
-0.1707594895048577 -173.65
-0.16938817377312362 -173.65
-0.16938817377312362 -173.63
-0.16801685804138955 -173.63
-0.16801685804138955 -173.65
-0.16664554230965548 -173.65
-0.16664554230965548 -173.63
-0.1652742265779214 -173.63
-0.1652742265779214 -173.65
-0.16390291084618733 -173.65
-0.16390291084618733 -173.63
-0.16253159511445325 -173.63
-0.16253159511445325 -173.65
-0.16116027938271918 -173.65
-0.16116027938271918 -173.63
-0.1597889636509851 -173.63
-0.1597889636509851 -173.65
-0.15841764791925103 -173.65
-0.15841764791925103 -173.63
-0.15704633218751696 -173.63
-0.15704633218751696 -173.65
-0.15567501645578288 -173.65
-0.15567501645578288 -173.63
-0.1543037007240488 -173.63
-0.1543037007240488 -173.65
-0.15293238499231473 -173.65
-0.15293238499231473 -173.63
-0.15156106926058066 -173.63
-0.15156106926058066 -173.65
-0.1501897535288466 -173.65
-0.1501897535288466 -173.63
-0.1488184377971125 -173.63
-0.1488184377971125 -173.65
-0.14744712206537844 -173.65
-0.14744712206537844 -173.63
-0.14607580633364436 -173.63
-0.14607580633364436 -173.65
-0.1447044906019103 -173.65
-0.1447044906019103 -173.63
-0.14333317487017622 -173.63
-0.14333317487017622 -173.65
-0.14196185913844214 -173.65
-0.14196185913844214 -173.63
-0.14059054340670807 -173.63
-0.14059054340670807 -173.65
-0.139219227674974 -173.65
-0.139219227674974 -173.63
-0.13784791194323992 -173.63
-0.13784791194323992 -173.65
-0.13647659621150585 -173.65
-0.13647659621150585 -173.63
-0.13510528047977177 -173.63
-0.13510528047977177 -173.65
-0.1337339647480377 -173.65
-0.1337339647480377 -173.63
-0.13236264901630362 -173.63
-0.13236264901630362 -173.65
-0.13099133328456955 -173.65
-0.13099133328456955 -173.63
-0.12962001755283548 -173.63
-0.12962001755283548 -173.65
-0.1282487018211014 -173.65
-0.1282487018211014 -173.63
-0.12687738608936733 -173.63
-0.12687738608936733 -173.65
-0.12550607035763325 -173.65
-0.12550607035763325 -173.63
-0.12413475462589918 -173.63
-0.12413475462589918 -173.65
-0.1227634388941651 -173.65
-0.1227634388941651 -173.63
-0.12139212316243103 -173.63
-0.12139212316243103 -173.65
-0.12002080743069696 -173.65
-0.12002080743069696 -173.63
-0.11864949169896288 -173.63
-0.11864949169896288 -173.65
-0.11727817596722881 -173.65
-0.11727817596722881 -173.63
-0.11590686023549474 -173.63
-0.11590686023549474 -173.65
-0.11453554450376066 -173.65
-0.11453554450376066 -173.63
-0.11316422877202659 -173.63
-0.11316422877202659 -173.65
-0.11179291304029251 -173.65
-0.11179291304029251 -173.63
-0.11042159730855844 -173.63
-0.11042159730855844 -173.65
-0.10905028157682436 -173.65
-0.10905028157682436 -173.63
-0.10767896584509029 -173.63
-0.10767896584509029 -173.65
-0.10630765011335622 -173.65
-0.10630765011335622 -173.63
-0.10493633438162214 -173.63
-0.10493633438162214 -173.65
-0.10356501864988807 -173.65
-0.10356501864988807 -173.63
-0.102193702918154 -173.63
-0.102193702918154 -173.65
-0.10082238718641992 -173.65
-0.10082238718641992 -173.63
-0.09945107145468585 -173.63
-0.09945107145468585 -173.65
-0.09807975572295177 -173.65
-0.09807975572295177 -173.63
-0.0967084399912177 -173.63
-0.0967084399912177 -173.65
-0.09533712425948362 -173.65
-0.09533712425948362 -173.63
-0.09396580852774955 -173.63
-0.09396580852774955 -173.65
-0.09259449279601548 -173.65
-0.09259449279601548 -173.63
-0.0912231770642814 -173.63
-0.0912231770642814 -173.65
-0.08985186133254733 -173.65
-0.08985186133254733 -173.63
-0.08848054560081325 -173.63
-0.08848054560081325 -173.65
-0.08710922986907918 -173.65
-0.08710922986907918 -173.63
-0.0857379141373451 -173.63
-0.0857379141373451 -173.65
-0.08436659840561103 -173.65
-0.08436659840561103 -173.63
-0.08299528267387696 -173.63
-0.08299528267387696 -173.65
-0.08162396694214288 -173.65
-0.08162396694214288 -173.63
-0.08025265121040881 -173.63
-0.08025265121040881 -173.65
-0.07888133547867474 -173.65
-0.07888133547867474 -173.63
-0.07751001974694066 -173.63
-0.07751001974694066 -173.65
-0.07613870401520659 -173.65
-0.07613870401520659 -173.63
-0.07476738828347251 -173.63
-0.07476738828347251 -173.65
-0.07339607255173844 -173.65
-0.07339607255173844 -173.63
-0.07202475682000437 -173.63
-0.07202475682000437 -173.65
-0.07065344108827029 -173.65
-0.07065344108827029 -173.63
-0.06928212535653622 -173.63
-0.06928212535653622 -173.65
-0.06791080962480214 -173.65
-0.06791080962480214 -173.63
-0.06653949389306807 -173.63
-0.06653949389306807 -173.65
-0.065168178161334 -173.65
-0.065168178161334 -173.63
-0.06379686242959992 -173.63
-0.06379686242959992 -173.65
-0.06242554669786585 -173.65
-0.06242554669786585 -173.63
-0.06105423096613177 -173.63
-0.06105423096613177 -173.65
-0.0596829152343977 -173.65
-0.0596829152343977 -173.63
-0.058311599502663625 -173.63
-0.058311599502663625 -173.65
-0.05694028377092955 -173.65
-0.05694028377092955 -173.63
-0.05556896803919548 -173.63
-0.05556896803919548 -173.65
-0.0541976523074614 -173.65
-0.0541976523074614 -173.63
-0.05282633657572733 -173.63
-0.05282633657572733 -173.65
-0.051455020843993254 -173.65
-0.051455020843993254 -173.63
-0.05008370511225918 -173.63
-0.05008370511225918 -173.65
-0.048712389380525106 -173.65
-0.048712389380525106 -173.63
-0.04734107364879103 -173.63
-0.04734107364879103 -173.65
-0.04596975791705696 -173.65
-0.04596975791705696 -173.63
-0.044598442185322884 -173.63
-0.044598442185322884 -173.65
-0.04322712645358881 -173.65
-0.04322712645358881 -173.63
-0.041855810721854736 -173.63
-0.041855810721854736 -173.65
-0.04048449499012066 -173.65
-0.04048449499012066 -173.63
-0.03911317925838659 -173.63
-0.03911317925838659 -173.65
-0.037741863526652514 -173.65
-0.037741863526652514 -173.63
-0.03637054779491844 -173.63
-0.03637054779491844 -173.65
-0.034999232063184366 -173.65
-0.034999232063184366 -173.63
-0.03362791633145029 -173.63
-0.03362791633145029 -173.65
-0.03225660059971622 -173.65
-0.03225660059971622 -173.63
-0.030885284867982143 -173.63
-0.030885284867982143 -173.65
-0.02951396913624807 -173.65
-0.02951396913624807 -173.63
-0.028142653404513995 -173.63
-0.028142653404513995 -173.65
-0.02677133767277992 -173.65
-0.02677133767277992 -173.63
-0.025400021941045847 -173.63
-0.025400021941045847 -173.65
-0.024028706209311773 -173.65
-0.024028706209311773 -173.63
-0.0226573904775777 -173.63
-0.0226573904775777 -173.65
-0.021286074745843625 -173.65
-0.021286074745843625 -173.63
-0.01991475901410955 -173.63
-0.01991475901410955 -173.65
-0.018543443282375477 -173.65
-0.018543443282375477 -173.63
-0.017172127550641403 -173.63
-0.017172127550641403 -173.65
-0.01580081181890733 -173.65
-0.01580081181890733 -173.63
-0.014429496087173255 -173.63
-0.014429496087173255 -173.65
-0.01305818035543918 -173.65
-0.01305818035543918 -173.63
-0.011686864623705107 -173.63
-0.011686864623705107 -173.65
-0.010315548891971033 -173.65
-0.010315548891971033 -173.63
-0.008944233160236958 -173.63
-0.008944233160236958 -173.65
-0.007572917428502884 -173.65
-0.007572917428502884 -173.63
-0.00620160169676881 -173.63
-0.00620160169676881 -173.65
-0.004830285965034736 -173.65
-0.004830285965034736 -173.63
-0.003458970233300662 -173.63
-0.003458970233300662 -173.65
-0.0020876545015665873 -173.65
-0.0020876545015665873 -173.63
-0.0007163387698325128 -173.63
-0.0007163387698325128 -173.65
0.0006549769619015617 -173.65
0.0006549769619015617 -173.63
0.002026292693635636 -173.63
0.002026292693635636 -173.65
0.0033976084253697107 -173.65
0.0033976084253697107 -173.63
0.004768924157103786 -173.63
0.004768924157103786 -173.65
0.00614023988883786 -173.65
0.00614023988883786 -173.63
0.007511555620571934 -173.63
0.007511555620571934 -173.65
0.008882871352306008 -173.65
0.008882871352306008 -173.63
0.010254187084040082 -173.63
0.010254187084040082 -173.65
0.011625502815774156 -173.65
0.011625502815774156 -173.63
0.01299681854750823 -173.63
0.01299681854750823 -173.65
0.014368134279242304 -173.65
0.014368134279242304 -173.63
0.015739450010976378 -173.63
0.015739450010976378 -173.65
0.017110765742710452 -173.65
0.017110765742710452 -173.63
0.018482081474444526 -173.63
0.018482081474444526 -173.65
0.0198533972061786 -173.65
0.0198533972061786 -173.63
0.021224712937912674 -173.63
0.021224712937912674 -173.65
0.02259602866964675 -173.65
0.02259602866964675 -173.63
0.023967344401380822 -173.63
0.023967344401380822 -173.65
0.025338660133114897 -173.65
0.025338660133114897 -173.63
0.02670997586484897 -173.63
0.02670997586484897 -173.65
0.028081291596583045 -173.65
0.028081291596583045 -173.63
0.02945260732831712 -173.63
0.02945260732831712 -173.65
0.030823923060051193 -173.65
0.030823923060051193 -173.63
0.03219523879178527 -173.63
0.03219523879178527 -173.65
0.033566554523519344 -173.65
0.033566554523519344 -173.63
0.03493787025525342 -173.63
0.03493787025525342 -173.65
0.03630918598698749 -173.65
0.03630918598698749 -173.63
0.03768050171872157 -173.63
0.03768050171872157 -173.65
0.03905181745045564 -173.65
0.03905181745045564 -173.63
0.040423133182189715 -173.63
0.040423133182189715 -173.65
0.04179444891392379 -173.65
0.04179444891392379 -173.63
0.04316576464565786 -173.63
0.04316576464565786 -173.65
0.04453708037739194 -173.65
0.04453708037739194 -173.63
0.04590839610912601 -173.63
0.04590839610912601 -173.65
0.047279711840860085 -173.65
0.047279711840860085 -173.63
0.04865102757259416 -173.63
0.04865102757259416 -173.65
0.05002234330432823 -173.65
0.05002234330432823 -173.63
0.05139365903606231 -173.63
0.05139365903606231 -173.65
0.05276497476779638 -173.65
0.05276497476779638 -173.63
0.054136290499530455 -173.63
0.054136290499530455 -173.65
0.05550760623126453 -173.65
0.05550760623126453 -173.63
0.0568789219629986 -173.63
0.0568789219629986 -173.65
0.05825023769473268 -173.65
0.05825023769473268 -173.63
0.05962155342646675 -173.63
0.05962155342646675 -173.65
0.060992869158200826 -173.65
0.060992869158200826 -173.63
0.0623641848899349 -173.63
0.0623641848899349 -173.65
0.06373550062166898 -173.65
0.06373550062166898 -173.63
0.06510681635340305 -173.63
0.06510681635340305 -173.65
0.06647813208513713 -173.65
0.06647813208513713 -173.63
0.0678494478168712 -173.63
0.0678494478168712 -173.65
0.06922076354860528 -173.65
0.06922076354860528 -173.63
0.07059207928033935 -173.63
0.07059207928033935 -173.65
0.07196339501207343 -173.65
0.07196339501207343 -173.63
0.0733347107438075 -173.63
0.0733347107438075 -173.65
0.07470602647554157 -173.65
0.07470602647554157 -173.63
0.07607734220727565 -173.63
0.07607734220727565 -173.65
0.07744865793900972 -173.65
0.07744865793900972 -173.63
0.0788199736707438 -173.63
0.0788199736707438 -173.65
0.08019128940247787 -173.65
0.08019128940247787 -173.63
0.08156260513421194 -173.63
0.08156260513421194 -173.65
0.08293392086594602 -173.65
0.08293392086594602 -173.63
0.08430523659768009 -173.63
0.08430523659768009 -173.65
0.08567655232941417 -173.65
0.08567655232941417 -173.63
0.08704786806114824 -173.63
0.08704786806114824 -173.65
0.08841918379288231 -173.65
0.08841918379288231 -173.63
0.08979049952461639 -173.63
0.08979049952461639 -173.65
0.09116181525635046 -173.65
0.09116181525635046 -173.63
0.09253313098808454 -173.63
0.09253313098808454 -173.65
0.09390444671981861 -173.65
0.09390444671981861 -173.63
0.09527576245155268 -173.63
0.09527576245155268 -173.65
0.09664707818328676 -173.65
0.09664707818328676 -173.63
0.09801839391502083 -173.63
0.09801839391502083 -173.65
0.0993897096467549 -173.65
0.0993897096467549 -173.63
0.10076102537848898 -173.63
0.10076102537848898 -173.65
0.10213234111022305 -173.65
0.10213234111022305 -173.63
0.10350365684195713 -173.63
0.10350365684195713 -173.65
0.1048749725736912 -173.65
0.1048749725736912 -173.63
0.10624628830542528 -173.63
0.10624628830542528 -173.65
0.10761760403715935 -173.65
0.10761760403715935 -173.63
0.10898891976889342 -173.63
0.10898891976889342 -173.65
0.1103602355006275 -173.65
0.1103602355006275 -173.63
0.11173155123236157 -173.63
0.11173155123236157 -173.65
0.11310286696409565 -173.65
0.11310286696409565 -173.63
0.11447418269582972 -173.63
0.11447418269582972 -173.65
0.1158454984275638 -173.65
0.1158454984275638 -173.63
0.11721681415929787 -173.63
0.11721681415929787 -173.65
0.11858812989103194 -173.65
0.11858812989103194 -173.63
0.11995944562276602 -173.63
0.11995944562276602 -173.65
0.12133076135450009 -173.65
0.12133076135450009 -173.63
0.12270207708623417 -173.63
0.12270207708623417 -173.65
0.12407339281796824 -173.65
0.12407339281796824 -173.63
0.12544470854970233 -173.63
0.12544470854970233 -173.65
0.1268160242814364 -173.65
0.1268160242814364 -173.63
0.12818734001317048 -173.63
0.12818734001317048 -173.65
0.12955865574490455 -173.65
0.12955865574490455 -173.63
0.13092997147663862 -173.63
0.13092997147663862 -173.65
0.1323012872083727 -173.65
0.1323012872083727 -173.63
0.13367260294010677 -173.63
0.13367260294010677 -173.65
0.13504391867184085 -173.65
0.13504391867184085 -173.63
0.13641523440357492 -173.63
0.13641523440357492 -173.65
0.137786550135309 -173.65
0.137786550135309 -173.63
0.13915786586704307 -173.63
0.13915786586704307 -173.65
0.14052918159877714 -173.65
0.14052918159877714 -173.63
0.14190049733051122 -173.63
0.14190049733051122 -173.65
0.1432718130622453 -173.65
0.1432718130622453 -173.63
0.14464312879397936 -173.63
0.14464312879397936 -173.65
0.14601444452571344 -173.65
0.14601444452571344 -173.63
0.1473857602574475 -173.63
0.1473857602574475 -173.65
0.1487570759891816 -173.65
0.1487570759891816 -173.63
0.15012839172091566 -173.63
0.15012839172091566 -173.65
0.15149970745264973 -173.65
0.15149970745264973 -173.63
0.1528710231843838 -173.63
0.1528710231843838 -173.65
0.15424233891611788 -173.65
0.15424233891611788 -173.63
0.15561365464785196 -173.63
0.15561365464785196 -173.65
0.15698497037958603 -173.65
0.15698497037958603 -173.63
0.1583562861113201 -173.63
0.1583562861113201 -173.65
0.15972760184305418 -173.65
0.15972760184305418 -173.63
0.16109891757478825 -173.63
0.16109891757478825 -173.65
0.16247023330652233 -173.65
0.16247023330652233 -173.63
0.1638415490382564 -173.63
0.1638415490382564 -173.65
0.16521286476999048 -173.65
0.16521286476999048 -173.63
0.16658418050172455 -173.63
0.16658418050172455 -173.65
0.16795549623345862 -173.65
0.16795549623345862 -173.63
0.1693268119651927 -173.63
0.1693268119651927 -173.65
0.17069812769692677 -173.65
0.17069812769692677 -173.63
0.17206944342866085 -173.63
0.17206944342866085 -173.65
0.17344075916039492 -173.65
0.17344075916039492 -173.63
0.174812074892129 -173.63
0.174812074892129 -173.65
0.17618339062386307 -173.65
0.17618339062386307 -173.63
0.17755470635559714 -173.63
0.17755470635559714 -173.65
0.17892602208733122 -173.65
0.17892602208733122 -173.63
0.1802973378190653 -173.63
0.1802973378190653 -173.65
0.18166865355079936 -173.65
0.18166865355079936 -173.63
0.18303996928253344 -173.63
0.18303996928253344 -173.65
0.1844112850142675 -173.65
0.1844112850142675 -173.63
0.18578260074600159 -173.63
0.18578260074600159 -173.65
0.18715391647773566 -173.65
0.18715391647773566 -173.63
0.18852523220946973 -173.63
0.18852523220946973 -173.65
0.1898965479412038 -173.65
0.1898965479412038 -173.63
0.19126786367293788 -173.63
0.19126786367293788 -173.65
0.19263917940467196 -173.65
0.19263917940467196 -173.63
0.19401049513640603 -173.63
0.19401049513640603 -173.65
0.1953818108681401 -173.65
0.1953818108681401 -173.63
0.19675312659987418 -173.63
0.19675312659987418 -173.65
0.19812444233160825 -173.65
0.19812444233160825 -173.63
0.19949575806334233 -173.63
0.19949575806334233 -173.65
0.2008670737950764 -173.65
0.2008670737950764 -173.63
0.20223838952681047 -173.63
0.20223838952681047 -173.65
0.20360970525854455 -173.65
0.20360970525854455 -173.63
0.20498102099027862 -173.63
0.20498102099027862 -173.65
0.2063523367220127 -173.65
0.2063523367220127 -173.63
0.20772365245374677 -173.63
0.20772365245374677 -173.65
0.20909496818548085 -173.65
0.20909496818548085 -173.63
0.21046628391721492 -173.63
0.21046628391721492 -173.65
0.211837599648949 -173.65
0.211837599648949 -173.63
0.21320891538068307 -173.63
0.21320891538068307 -173.65
0.21458023111241714 -173.65
0.21458023111241714 -173.63
0.21595154684415122 -173.63
0.21595154684415122 -173.65
0.2173228625758853 -173.65
0.2173228625758853 -173.63
0.21869417830761936 -173.63
0.21869417830761936 -173.65
0.22006549403935344 -173.65
0.22006549403935344 -173.63
0.2214368097710875 -173.63
0.2214368097710875 -173.65
0.22280812550282159 -173.65
0.22280812550282159 -173.63
0.22417944123455566 -173.63
0.22417944123455566 -173.65
0.22555075696628973 -173.65
0.22555075696628973 -173.63
0.2269220726980238 -173.63
0.2269220726980238 -173.65
0.22829338842975788 -173.65
0.22829338842975788 -173.63
0.22966470416149196 -173.63
0.22966470416149196 -173.65
0.23103601989322603 -173.65
0.23103601989322603 -173.63
0.2324073356249601 -173.63
0.2324073356249601 -173.65
0.23377865135669418 -173.65
0.23377865135669418 -173.63
0.23514996708842825 -173.63
0.23514996708842825 -173.65
0.23652128282016233 -173.65
0.23652128282016233 -173.63
0.2378925985518964 -173.63
0.2378925985518964 -173.65
0.23926391428363047 -173.65
0.23926391428363047 -173.63
0.24063523001536455 -173.63
0.24063523001536455 -173.65
0.24200654574709862 -173.65
0.24200654574709862 -173.63
0.2433778614788327 -173.63
0.2433778614788327 -173.65
0.24474917721056677 -173.65
0.24474917721056677 -173.63
0.24612049294230084 -173.63
0.24612049294230084 -173.65
0.24749180867403492 -173.65
0.24749180867403492 -173.63
0.248863124405769 -173.63
0.248863124405769 -173.65
0.25023444013750307 -173.65
0.25023444013750307 -173.63
0.25160575586923717 -173.63
0.25160575586923717 -173.65
0.25297707160097127 -173.65
0.25297707160097127 -173.63
0.2543483873327054 -173.63
0.2543483873327054 -173.65
0.2557197030644395 -173.65
0.2557197030644395 -173.63
0.2570910187961736 -173.63
0.2570910187961736 -173.65
0.2584623345279077 -173.65
0.2584623345279077 -173.63
0.2598336502596418 -173.63
0.2598336502596418 -173.65
0.2612049659913759 -173.65
0.2612049659913759 -173.63
0.26257628172311 -173.63
0.26257628172311 -173.65
0.2639475974548441 -173.65
0.2639475974548441 -173.63
0.2653189131865782 -173.63
0.2653189131865782 -173.65
0.2666902289183123 -173.65
0.2666902289183123 -173.63
0.2680615446500464 -173.63
0.2680615446500464 -173.65
0.2694328603817805 -173.65
0.2694328603817805 -173.63
0.2708041761135146 -173.63
0.2708041761135146 -173.65
0.2721754918452487 -173.65
0.2721754918452487 -173.63
0.2735468075769828 -173.63
0.2735468075769828 -173.65
0.2749181233087169 -173.65
0.2749181233087169 -173.63
0.276289439040451 -173.63
0.276289439040451 -173.65
0.2776607547721851 -173.65
0.2776607547721851 -173.63
0.2790320705039192 -173.63
0.2790320705039192 -173.65
0.2804033862356533 -173.65
0.2804033862356533 -173.63
0.2817747019673874 -173.63
0.2817747019673874 -173.65
0.2831460176991215 -173.65
0.2831460176991215 -173.63
0.2845173334308556 -173.63
0.2845173334308556 -173.65
0.2858886491625897 -173.65
0.2858886491625897 -173.63
0.2872599648943238 -173.63
0.2872599648943238 -173.65
0.2886312806260579 -173.65
0.2886312806260579 -173.63
0.290002596357792 -173.63
0.290002596357792 -173.65
0.2913739120895261 -173.65
0.2913739120895261 -173.63
0.2927452278212602 -173.63
0.2927452278212602 -173.65
0.2941165435529943 -173.65
0.2941165435529943 -173.63
0.2954878592847284 -173.63
0.2954878592847284 -173.65
0.29685917501646253 -173.65
0.29685917501646253 -173.63
0.29823049074819663 -173.63
0.29823049074819663 -173.65
0.29960180647993073 -173.65
0.29960180647993073 -173.63
0.30097312221166483 -173.63
0.30097312221166483 -173.65
0.30234443794339894 -173.65
0.30234443794339894 -173.63
0.30371575367513304 -173.63
0.30371575367513304 -173.65
0.30508706940686714 -173.65
0.30508706940686714 -173.63
0.30645838513860124 -173.63
0.30645838513860124 -173.65
0.30782970087033534 -173.65
0.30782970087033534 -173.63
0.30920101660206945 -173.63
0.30920101660206945 -173.65
0.31057233233380355 -173.65
0.31057233233380355 -173.63
0.31194364806553765 -173.63
0.31194364806553765 -173.65
0.31331496379727175 -173.65
0.31331496379727175 -173.63
0.31468627952900585 -173.63
0.31468627952900585 -173.65
0.31605759526073995 -173.65
0.31605759526073995 -173.63
0.31742891099247406 -173.63
0.31742891099247406 -173.65
0.31880022672420816 -173.65
0.31880022672420816 -173.63
0.32017154245594226 -173.63
0.32017154245594226 -173.65
0.32154285818767636 -173.65
0.32154285818767636 -173.63
0.32291417391941046 -173.63
0.32291417391941046 -173.65
0.32428548965114457 -173.65
0.32428548965114457 -173.63
0.32565680538287867 -173.63
0.32565680538287867 -173.65
0.32702812111461277 -173.65
0.32702812111461277 -173.63
0.32839943684634687 -173.63
0.32839943684634687 -173.65
0.329770752578081 -173.65
0.329770752578081 -173.63
0.3311420683098151 -173.63
0.3311420683098151 -173.65
0.3325133840415492 -173.65
0.3325133840415492 -173.63
0.3338846997732833 -173.63
0.3338846997732833 -173.65
0.3352560155050174 -173.65
0.3352560155050174 -173.63
0.3366273312367515 -173.63
0.3366273312367515 -173.65
0.3379986469684856 -173.65
0.3379986469684856 -173.63
0.3393699627002197 -173.63
0.3393699627002197 -173.65
0.3407412784319538 -173.65
0.3407412784319538 -173.63
0.3421125941636879 -173.63
0.3421125941636879 -173.65
0.343483909895422 -173.65
0.343483909895422 -173.63
0.3448552256271561 -173.63
0.3448552256271561 -173.65
0.3462265413588902 -173.65
0.3462265413588902 -173.63
0.3475978570906243 -173.63
0.3475978570906243 -173.65
0.3489691728223584 -173.65
0.3489691728223584 -173.63
0.3503404885540925 -173.63
0.3503404885540925 -173.65
0.3517118042858266 -173.65
0.3517118042858266 -173.63
0.3530831200175607 -173.63
0.3530831200175607 -173.65
0.3544544357492948 -173.65
0.3544544357492948 -173.63
0.3558257514810289 -173.63
0.3558257514810289 -173.65
0.357197067212763 -173.65
0.357197067212763 -173.63
0.3585683829444971 -173.63
0.3585683829444971 -173.65
0.3599396986762312 -173.65
0.3599396986762312 -173.63
0.3613110144079653 -173.63
0.3613110144079653 -173.65
0.3626823301396994 -173.65
0.3626823301396994 -173.63
0.3640536458714335 -173.63
0.3640536458714335 -173.65
0.3654249616031676 -173.65
0.3654249616031676 -173.63
0.3667962773349017 -173.63
0.3667962773349017 -173.65
0.3681675930666358 -173.65
0.3681675930666358 -173.63
0.3695389087983699 -173.63
0.3695389087983699 -173.65
0.370910224530104 -173.65
0.370910224530104 -173.63
0.37228154026183813 -173.63
0.37228154026183813 -173.65
0.37365285599357223 -173.65
0.37365285599357223 -173.63
0.37502417172530633 -173.63
0.37502417172530633 -173.65
0.37639548745704043 -173.65
0.37639548745704043 -173.63
0.37776680318877454 -173.63
0.37776680318877454 -173.65
0.37913811892050864 -173.65
0.37913811892050864 -173.63
0.38050943465224274 -173.63
0.38050943465224274 -173.65
0.38188075038397684 -173.65
0.38188075038397684 -173.63
0.38325206611571094 -173.63
0.38325206611571094 -173.65
0.38462338184744504 -173.65
0.38462338184744504 -173.63
0.38599469757917915 -173.63
0.38599469757917915 -173.65
0.38736601331091325 -173.65
0.38736601331091325 -173.63
0.38873732904264735 -173.63
0.38873732904264735 -173.65
0.39010864477438145 -173.65
0.39010864477438145 -173.63
0.39147996050611555 -173.63
0.39147996050611555 -173.65
0.39285127623784966 -173.65
0.39285127623784966 -173.63
0.39422259196958376 -173.63
0.39422259196958376 -173.65
0.39559390770131786 -173.65
0.39559390770131786 -173.63
0.39696522343305196 -173.63
0.39696522343305196 -173.65
0.39833653916478606 -173.65
0.39833653916478606 -173.63
0.39970785489652016 -173.63
0.39970785489652016 -173.65
0.40107917062825427 -173.65
0.40107917062825427 -173.63
0.40245048635998837 -173.63
0.40245048635998837 -173.65
0.40382180209172247 -173.65
0.40382180209172247 -173.63
0.4051931178234566 -173.63
0.4051931178234566 -173.65
0.4065644335551907 -173.65
0.4065644335551907 -173.63
0.4079357492869248 -173.63
0.4079357492869248 -173.65
0.4093070650186589 -173.65
0.4093070650186589 -173.63
0.410678380750393 -173.63
0.410678380750393 -173.65
0.4120496964821271 -173.65
0.4120496964821271 -173.63
0.4134210122138612 -173.63
0.4134210122138612 -173.65
0.4147923279455953 -173.65
0.4147923279455953 -173.63
0.4161636436773294 -173.63
0.4161636436773294 -173.65
0.4175349594090635 -173.65
0.4175349594090635 -173.63
0.4189062751407976 -173.63
0.4189062751407976 -173.65
0.4202775908725317 -173.65
0.4202775908725317 -173.63
0.4216489066042658 -173.63
0.4216489066042658 -173.65
0.4230202223359999 -173.65
0.4230202223359999 -173.63
0.424391538067734 -173.63
0.424391538067734 -173.65
0.4257628537994681 -173.65
0.4257628537994681 -173.63
0.4271341695312022 -173.63
0.4271341695312022 -173.65
0.4285054852629363 -173.65
0.4285054852629363 -173.63
0.4298768009946704 -173.63
0.4298768009946704 -173.65
0.4312481167264045 -173.65
0.4312481167264045 -173.63
0.4326194324581386 -173.63
0.4326194324581386 -173.65
0.4339907481898727 -173.65
0.4339907481898727 -173.63
0.4353620639216068 -173.63
0.4353620639216068 -173.65
0.4367333796533409 -173.65
0.4367333796533409 -173.63
0.438104695385075 -173.63
0.438104695385075 -173.65
0.4394760111168091 -173.65
0.4394760111168091 -173.63
0.4408473268485432 -173.63
0.4408473268485432 -173.65
0.4422186425802773 -173.65
0.4422186425802773 -173.63
0.4435899583120114 -173.63
0.4435899583120114 -173.65
0.4449612740437455 -173.65
0.4449612740437455 -173.63
0.4463325897754796 -173.63
0.4463325897754796 -173.65
0.44770390550721373 -173.65
0.44770390550721373 -173.63
0.44907522123894783 -173.63
0.44907522123894783 -173.65
0.45044653697068193 -173.65
0.45044653697068193 -173.63
0.45181785270241603 -173.63
0.45181785270241603 -173.65
0.45318916843415014 -173.65
0.45318916843415014 -173.63
0.45456048416588424 -173.63
0.45456048416588424 -173.65
0.45593179989761834 -173.65
0.45593179989761834 -173.63
0.45730311562935244 -173.63
0.45730311562935244 -173.65
0.45867443136108654 -173.65
0.45867443136108654 -173.63
0.46004574709282064 -173.63
0.46004574709282064 -173.65
0.46141706282455475 -173.65
0.46141706282455475 -173.63
0.46278837855628885 -173.63
0.46278837855628885 -173.65
0.46415969428802295 -173.65
0.46415969428802295 -173.63
0.46553101001975705 -173.63
0.46553101001975705 -173.65
0.46690232575149115 -173.65
0.46690232575149115 -173.63
0.46827364148322526 -173.63
0.46827364148322526 -173.65
0.46964495721495936 -173.65
0.46964495721495936 -173.63
0.47101627294669346 -173.63
0.47101627294669346 -173.65
0.47238758867842756 -173.65
0.47238758867842756 -173.63
0.47375890441016166 -173.63
0.47375890441016166 -173.65
0.47513022014189576 -173.65
0.47513022014189576 -173.63
0.47650153587362987 -173.63
0.47650153587362987 -173.65
0.47787285160536397 -173.65
0.47787285160536397 -173.63
0.47924416733709807 -173.63
0.47924416733709807 -173.65
0.48061548306883217 -173.65
0.48061548306883217 -173.63
0.4819867988005663 -173.63
0.4819867988005663 -173.65
0.4833581145323004 -173.65
0.4833581145323004 -173.63
0.4847294302640345 -173.63
0.4847294302640345 -173.65
0.4861007459957686 -173.65
0.4861007459957686 -173.63
0.4874720617275027 -173.63
0.4874720617275027 -173.65
0.4888433774592368 -173.65
0.4888433774592368 -173.63
0.4902146931909709 -173.63
0.4902146931909709 -173.65
0.491586008922705 -173.65
0.491586008922705 -173.63
0.4929573246544391 -173.63
0.4929573246544391 -173.65
0.4943286403861732 -173.65
0.4943286403861732 -173.63
0.4956999561179073 -173.63
0.4956999561179073 -173.65
0.4970712718496414 -173.65
0.4970712718496414 -173.63
0.4984425875813755 -173.63
0.4984425875813755 -173.65
0.4998139033131096 -173.65
0.4998139033131096 -173.63
0.5011852190448437 -173.63
0.5011852190448437 -173.65
0.5025565347765778 -173.65
0.5025565347765778 -173.63
0.5039278505083119 -173.63
0.5039278505083119 -173.65
0.505299166240046 -173.65
0.505299166240046 -173.63
0.5066704819717801 -173.63
0.5066704819717801 -173.65
0.5080417977035142 -173.65
0.5080417977035142 -173.63
0.5094131134352483 -173.63
0.5094131134352483 -173.65
0.5107844291669824 -173.65
0.5107844291669824 -173.63
0.5121557448987165 -173.63
0.5121557448987165 -173.65
0.5135270606304506 -173.65
0.5135270606304506 -173.63
0.5148983763621847 -173.63
0.5148983763621847 -173.65
0.5162696920939188 -173.65
0.5162696920939188 -173.63
0.5176410078256529 -173.63
0.5176410078256529 -173.65
0.519012323557387 -173.65
0.519012323557387 -173.63
0.5203836392891211 -173.63
0.5203836392891211 -173.65
0.5217549550208552 -173.65
0.5217549550208552 -173.63
0.5231262707525893 -173.63
0.5231262707525893 -173.65
0.5244975864843234 -173.65
0.5244975864843234 -173.63
0.5258689022160575 -173.63
0.5258689022160575 -173.65
0.5272402179477916 -173.65
0.5272402179477916 -173.63
0.5286115336795257 -173.63
0.5286115336795257 -173.65
0.5299828494112598 -173.65
0.5299828494112598 -173.63
0.5313541651429939 -173.63
0.5313541651429939 -173.65
0.532725480874728 -173.65
0.532725480874728 -173.63
0.5340967966064621 -173.63
0.5340967966064621 -173.65
0.5354681123381962 -173.65
0.5354681123381962 -173.63
0.5368394280699303 -173.63
0.5368394280699303 -173.65
0.5382107438016644 -173.65
0.5382107438016644 -173.63
0.5395820595333986 -173.63
0.5395820595333986 -173.65
0.5409533752651327 -173.65
0.5409533752651327 -173.63
0.5423246909968668 -173.63
0.5423246909968668 -173.65
0.5436960067286009 -173.65
0.5436960067286009 -173.63
0.545067322460335 -173.63
0.545067322460335 -173.65
0.5464386381920691 -173.65
0.5464386381920691 -173.63
0.5465 -173.63
0.5465 -173.65
