31.52 156.32
31.53 156.32
31.53 156.32275601381536
31.52 156.32275601381536
31.52 156.32551202763074
31.53 156.32551202763074
31.53 156.3282680414461
31.52 156.3282680414461
31.52 156.33102405526148
31.53 156.33102405526148
31.53 156.33378006907685
31.52 156.33378006907685
31.52 156.33653608289222
31.53 156.33653608289222
31.53 156.3392920967076
31.52 156.3392920967076
31.52 156.34204811052297
31.53 156.34204811052297
31.53 156.34480412433834
31.52 156.34480412433834
31.52 156.3475601381537
31.53 156.3475601381537
