-31.5 -97.785
-31.5 -97.86
-31.501371315731735 -97.86
-31.501371315731735 -97.785
-31.50274263146347 -97.785
-31.50274263146347 -97.86
-31.504113947195204 -97.86
-31.504113947195204 -97.785
-31.50548526292694 -97.785
-31.50548526292694 -97.86
-31.506856578658674 -97.86
-31.506856578658674 -97.785
-31.50822789439041 -97.785
-31.50822789439041 -97.86
-31.509599210122143 -97.86
-31.509599210122143 -97.785
-31.510970525853878 -97.785
-31.510970525853878 -97.86
-31.512341841585613 -97.86
-31.512341841585613 -97.785
-31.513713157317348 -97.785
-31.513713157317348 -97.86
-31.515084473049082 -97.86
-31.515084473049082 -97.785
-31.516455788780817 -97.785
-31.516455788780817 -97.86
-31.517827104512552 -97.86
-31.517827104512552 -97.785
-31.519198420244287 -97.785
-31.519198420244287 -97.86
-31.52056973597602 -97.86
-31.52056973597602 -97.785
-31.521941051707756 -97.785
-31.521941051707756 -97.86
-31.52331236743949 -97.86
-31.52331236743949 -97.785
-31.524683683171226 -97.785
-31.524683683171226 -97.86
-31.52605499890296 -97.86
-31.52605499890296 -97.785
-31.527426314634695 -97.785
-31.527426314634695 -97.86
-31.52879763036643 -97.86
-31.52879763036643 -97.785
-31.530168946098165 -97.785
-31.530168946098165 -97.86
-31.5315402618299 -97.86
-31.5315402618299 -97.785
-31.532911577561634 -97.785
-31.532911577561634 -97.86
-31.53428289329337 -97.86
-31.53428289329337 -97.785
-31.535654209025104 -97.785
-31.535654209025104 -97.86
-31.53702552475684 -97.86
-31.53702552475684 -97.785
-31.538396840488574 -97.785
-31.538396840488574 -97.86
-31.53976815622031 -97.86
-31.53976815622031 -97.785
-31.541139471952043 -97.785
-31.541139471952043 -97.86
-31.542510787683778 -97.86
-31.542510787683778 -97.785
-31.543882103415513 -97.785
-31.543882103415513 -97.86
-31.545253419147247 -97.86
-31.545253419147247 -97.785
-31.546624734878982 -97.785
-31.546624734878982 -97.86
-31.547996050610717 -97.86
-31.547996050610717 -97.785
-31.54936736634245 -97.785
-31.54936736634245 -97.86
-31.550738682074186 -97.86
-31.550738682074186 -97.785
-31.55210999780592 -97.785
-31.55210999780592 -97.86
-31.553481313537656 -97.86
-31.553481313537656 -97.785
-31.55485262926939 -97.785
-31.55485262926939 -97.86
-31.556223945001125 -97.86
-31.556223945001125 -97.785
-31.55759526073286 -97.785
-31.55759526073286 -97.86
-31.558966576464595 -97.86
-31.558966576464595 -97.785
-31.56033789219633 -97.785
-31.56033789219633 -97.86
-31.561709207928065 -97.86
-31.561709207928065 -97.785
-31.5630805236598 -97.785
-31.5630805236598 -97.86
-31.564451839391534 -97.86
-31.564451839391534 -97.785
-31.565 -97.785
-31.565 -97.86
